AI2583 1 6 8
AI2584 2 3 8
AI2585 3 5 11
AI2586 4 4 12
AI2587 5 6 9
AI2588 6 3 12
AI2589 7 6 10
AI2590 8 6 11
AI2818 9 5 12
AI2819 10 3 8
AI2591 11 6 11
AI2592 12 2 9
AI2593 13 4 8
AI2594 14 5 11
AI2595 15 8 12
AI2820 16 2 6
AI2596 17 4 9
AI2861 18 3 9
AI2597 19 6 12
AI2598 20 3 9
AI2599 21 5 10
AI2600 22 8 13
AI2822 23 5 9
AI2823 24 6 12
AI2601 25 5 9
AI2824 26 6 12
AI2602 27 3 10
AI2825 28 6 11
AI2603 29 5 9
AI2826 30 3 8
AI2604 31 5 13
AI2605 32 6 13
AI2606 33 4 8
AI2607 34 4 9
AI3018 35 5 10
AI2608 36 0 10
AI2609 37 2 7
AI2610 38 4 10
AI2828 39 4 10
AI2612 43 2 4
AI2613 44 7 14
AI2614 45 4 10
AI2615 46 3 10
AI2616 47 2 8
AI2617 48 4 9
AI2618 49 2 8
AI2829 51 5 9
AI2830 52 3 15
AI2619 55 6 12
AI2620 56 3 11
AI2621 57 2 3
AI2831 58 2 9
AI2622 59 5 11
AI2623 60 5 11
AI2624 62 2 9
AI3021 64 5 9
AI2834 65 4 5
AI2626 66 4 11
AI2835 67 3 13
AI2627 68 3 15
AI2628 69 3 14
AI2629 70 3 12
AI2630 71 3 5
AI2631 72 3 14
AI2836 73 3 14
AI2632 74 3 14
AI2633 75 6 11
AI2634 76 3 11
AI2837 77 3 14
AI2635 78 6 8
AI2838 79 3 13
AI2636 80 5 9
AI2637 81 6 11
AI2839 82 3 7
AH0325 83T 6 10
AI2638 84 4 10
AI2840 85 6 8
AI2841 86 6 9
AI2639 87 5 9
AI2640 88 6 9
AI2641 89 6 9
AI2842 90 2 9
AH0326 91T 5 12
AI2843 92 8 15
AI2844 93 1 8
AI2846 95 2 6
AI2847 96 4 13
AI2848 97 3 10
AH0327 98T 5 10
AI2849 99 4 12
AI2850 100 3 9
AI2851 101 7 9
AI2852 102 3 13
AI2853 103 3 10
AI2854 104 7 9
AI2855 105 4 15
AI2856 106 4 12
AI2857 107 2 14
AI2858 108 6 13
AI2859 116 3 11
AI2860 117 3 8
AI2821 118 2 7
AI2862 119 9 11
AI2863 120 5 6
AI3023 121 5 10
AI2865 122 2 9
AI2866 123 2 5
AI2867 124 6 15
AI2868 125 5 10
AI3024 126 8 10
AI2642 127 7 12
AI2870 128 6 9
AI2643 129 2 11
AI2871 134 7 11
AI2872 135 1 11
AI2873 139 6 10
AI2874 140 6 10
AI2875 141 3 8
AI2876 142 5 10
AI2877 143 6 11
AI2644 144 6 11
AI2878 145 3 8
AI2879 146 6 15
AI2880 147 4 12
AI3025 148 4 11
AI2882 149 3 8
AI2645 150 5 12
AI2883 151 4 12
AI2884 152 1 11
AI2885 153 4 9
AI2886 154 2 10
AI2887 155 3 7
AI2888 156 3 11
AI2889 157 6 9
AI2890 158 2 4
AI2646 159 6 12
AI2647 160 6 11
AI2891 161 6 11
AI2892 162 6 12
AI2648 163 6 11
AI2893 164 2 4
AI2894 165 3 3
AN2335 166 2 9
AI2895 167 7 11
AI2649 168 5 11
AI2896 170 3 6
AI2897 171 6 11
AI2650 172 6 10
AI2651 173 4 10
AI2898 176 5 12
AI2899 177 5 10
AI2900 178 5 12
AI2652 179 6 10
AI2653 180 6 10
AI2901 181 5 10
AI2654 182 4 11
AI2902 183 6 11
AI2655 184 6 11
AI3027 185 6 11
AI2903 186 6 7
AI2904 187 3 9
AI2905 188 5 10
AI2906 189 2 11
AI2907 190 4 10
AI2908 191 5 11
AI2909 192 5 16
AI2910 193 5 10
AH0329 194T 2 15
AI2911 195 2 7
AI2912 196 5 10
AI2913 197 7 13
AI2914 198 4 11
AI2915 199 3 13
AI3028 200 5 14
AI2916 201 5 11
AI2917 203 5 15
AI2918 204 5 12
AI2919 205 5 11
AI2920 206 5 12
AI2921 207 4 10
AI2922 208 6 11
AI2923 209 5 11
AI2924 210 5 11
AI2925 211 6 10
AI2926 212 4 12
AI2927 213 5 10
AI2928 214 2 6
AI2929 215 5 12
AI2930 216 6 11
AI2931 217 5 10
AI2932 218 5 10
AI3030 219 5 10
AI2934 220 5 16
AI2935 221 3 9
AI2936 222 6 12
AI2937 223 7 12
AI2938 224 2 3
AI2939 225 5 13
AI2656 226 5 15
AI2940 227 3 13
AI2657 228 6 14
AI2658 229 5 14
AI2659 230 7 15
AH0328 231T 3 10
AI2941 232 3 16
AI2660 233 3 12
AI2661 234 5 11
AI2662 235 7 14
AI2664 237 5 6
AI2665 238 5 10
AI2666 239 4 10
AI2942 240 6 10
AI2943 241 2 11
AI2667 242 2 7
AI3031 243 6 9
AI2668 244 5 10
AI2669 245 5 10
AI2670 246 5 11
AI2671 247 6 9
AI2672 248 5 10
AI2673 249 5 9
AI2945 250 6 9
AI2946 251 6 9
AI2674 252 3 9
AN2336 253 3 7
AI2675 254 6 11
AI2676 256 5 10
AI2677 257 5 10
AI2678 258 6 9
AI2679 259 3 8
AI2680 260 5 9
AI2681 261 6 11
AI2682 262 4 9
AI2683 263 5 10
AI2949 264 4 6
AN2337 265-B 5 13
AI3034 266 3 3
AI3035 267 5 9
AI2686 268 4 12
AI2687 269 5 10
AI2950 270 5 10
AH0330 271T 5 13
AI2688 272 4 10
AI2689 273 4 10
AI3036 274 6 10
AI2951 275 3 10
AI2691 276 6 9
AI3037 277 6 9
AI2693 278 2 7
AI2694 279 3 4
AI3038 280 6 5
AI2695 281 2 7
AI2696 282 5 11
AI2952 283 2 5
AI2697 284 4 10
AI2953 285 5 11
AI2698 286 2 5
AI2699 287 4 9
AI2954 288 5 11
AI2957 291 2 5
AI3039 292 5 12
AI2958 293 3 12
AI2959 294 8 11
AI2960 295 5 10
AI2961 296 2 7
AI2962 297 5 14
AI2963 298 4 8
AI2964 299 6 9
AI2965 300 5 11
AI2966 301 4 12
AI3040 302 4 7
AI2967 303 5 10
AI2968 304 5 11
AI2969 305 2 3
AH0331 306T 2 9
AI2970 307 5 9
AI2971 308 4 10
AI2972 309 5 12
AI2973 310 0 13
AI2974 311 5 8
AI2975 312 5 5
AI3041 313 4 4
AI2976 314 5 5
AI2977 315 4 8
AI2978 316 4 8
AI3042 317-B 2 7
AI3043 318-B 2 14
AI3044 319 6 6
AI3045 320-B 0 5
AI3046 321-B 0 6
AI3047 322-B 2 8
AI3048 323-B 2 6
AI3049 324-B 6 10
AI3050 325-B 3 12
AI3051 326-B 4 10
AI3052 327-B 2 10
AI3053 328-B 2 10
AI3054 329-B 2 10
AI3055 330-B 2 10
AI3056 331-B 3 8
AN2338 332 3 11
AN2339 333 2 13
AI2700 334-B 3 10
AI2701 335-B 3 9
AN2340 336 2 11
AI2702 337-B 4 8
AI2703 338-B 4 8
AI2704 339-B 2 11
AI2979 340-B 3 8
AI2705 341-B 2 10
AI2706 342-B 3 12
AI2707 343-B 3 12
AI2709 345-B 3 10
AI2710 346-B 2 11
AI2711 347-B 2 9
AI2980 348-B 0 9
AI2981 349-B 3 5
AI3057 350-B 3 9
AI2982 351-B 3 9
AI2713 352-B 3 12
AI2714 353-B 3 12
AI2715 354-B 3 8
AI2983 355-B 3 10
AI2716 356-B 1 7
AI2717 357-B 3 6
AI2984 358-B 0 11
AI3058 359-B 4 10
AI2719 360-B 5 8
AI2985 361-B 3 9
AI3059 362-B 0 9
AI3060 363-B 3 9
AI2721 364-B 6 5
AI2722 365-B 6 12
AI2723 366-B 5 10
AI2739 367 6 7
AI2740 368 3 10
AI2741 369 6 10
AN2341 370 4 9
AI2742 372 7 12
AI2743 373 5 11
AI2744 374 2 11
AI2989 375 6 10
AI2745 376 6 11
AI2746 377 3 10
AI2747 378 8 9
AI2748 379 6 10
AI2749 380 7 10
AI2750 381 3 11
AI2751 383 4 10
AI2752 384 6 9
AI2753 385 5 8
AI2754 386 5 12
AI3062 387 6 10
AI2755 388 0 9
AI2756 389 5 11
AI2757 390 4 11
AI3063 391 4 10
AI2759 392 5 13
AI2760 393 6 11
AI2761 394 6 10
AI2762 395 1 6
AI2991 396 2 11
AI2992 397 3 13
AI3064 398 0 11
AI2763 399 4 14
AI2764 400 4 14
AI2765 401 4 14
AI2766 402 4 15
AI2767 403 4 11
AI2993 404 4 12
AI2994 405 2 9
AI2768 406 4 13
AI2769 407 3 12
AI2770 408 3 12
AI3065 409 4 13
AI2771 410 0 8
AI2996 411 4 12
AI2998 413 4 12
AI2999 414 2 6
AI2772 415 3 12
AI2773 416 0 10
AI2774 417 3 10
AI3000 418 4 16
AI2775 419 4 11
AI3001 420 5 12
AI2776 421 3 9
AI2777 422 5 12
AI2778 423 3 9
AI2779 424 6 11
AI2780 425 3 16
AI2781 426 5 13
AI3002 427 2 10
AI2782 428 3 10
AI3067 429 4 11
AI3003 430 5 12
AI2784 431 3 9
AI3004 432 5 12
AI2785 433 3 11
AI3006 435 2 10
AI2787 436 5 9
AI3007 437 5 13
AI2786 438 2 10
AI3008 439 7 12
AI3069 440 4 9
AI2789 441 2 5
AI2790 442 3 6
AI2791 443 3 7
AI3009 444 5 11
AI2792 445 5 11
AI2793 446 4 11
AI2794 447 5 11
AI2795 448 1 6
AI2796 449 2 8
AI3010 450 2 10
AI2797 451 5 12
AI2798 452 6 11
AI2799 453 5 13
AI3011 454 2 6
AI2800 455 5 10
AI3012 456 3 10
AI2801 457 5 11
AI2802 458 5 12
AI2803 459 3 5
AI2804 460 0 12
AI3013 461 0 12
AI2805 462 4 15
AI2806 463 4 13
AI2807 464 2 11
AI3070 465 3 11
AI2808 466 4 13
AI2809 467 4 13
AI2810 468 4 11
AI2811 469 4 12
AI2812 470 4 12
AI2813 471 4 14
AI2814 472 2 14
AI2815 473 2 13
AI3071 474 2 12
AI2816 475 4 13
AI2817 476 3 12
AN2342 477 3 11
AN2343 478 4 14
AN2344 479 5 13
AN2345 480 5 5
AN2346 481 2 3
AN2347 482 5 11
AN2349 484 5 8
AN2350 485 2 4
AN2351 486 3 4
AN2352 487 4 12
AN2353 488 2 4
AN2354 489 2 7
AN2355 490 9 10
AN2356 491 2 5
AN2357 492 5 13
AN2358 493 5 12
AN2360 495 7 12
AN2361 496 5 10
AN2362 497 3 7
AN2363 498 2 3
AN2364 499 3 6
