sample,OXA-48,KPC-2/3,VIM-1,NDM,IMP,GES-6
AH0325,1,0,0,0,0,0
AH0326,1,0,0,0,0,0
AH0327,1,0,0,0,0,0
AH0329,1,0,0,0,0,0
AH0330,1,0,0,0,0,0
AH0331,1,0,0,0,0,0
AI2583,1,0,0,0,0,0
AI2584,1,0,0,0,0,0
AI2585,1,0,0,0,0,0
AI2586,1,0,0,0,0,0
AI2587,1,0,0,0,0,0
AI2588,0,1,0,0,0,0
AI2589,1,0,0,0,0,0
AI2590,1,0,0,0,0,0
AI2591,1,0,0,0,0,0
AI2592,1,0,0,0,0,0
AI2593,1,0,0,0,0,0
AI2594,1,0,0,0,0,0
AI2595,1,0,0,0,0,0
AI2596,1,0,0,0,0,0
AI2597,1,0,0,0,0,0
AI2599,0,0,0,0,0,0
AI2600,1,0,0,0,0,0
AI2601,1,0,0,0,0,0
AI2603,1,0,0,0,0,0
AI2604,1,0,0,0,0,0
AI2605,1,0,0,0,0,0
AI2606,1,0,0,0,0,0
AI2607,1,0,0,0,0,0
AI2608,1,0,0,0,0,0
AI2610,1,0,0,0,0,0
AI2612,1,0,0,0,0,0
AI2621,1,0,0,0,0,0
AI2622,1,0,0,0,0,0
AI2626,0,0,1,0,0,0
AI2627,0,1,0,0,0,0
AI2628,0,1,0,0,0,0
AI2629,0,1,0,0,0,0
AI2630,1,0,0,0,0,0
AI2631,0,1,0,0,0,0
AI2632,0,1,0,0,0,0
AI2633,1,0,0,0,0,0
AI2634,0,0,0,0,0,0
AI2635,1,0,0,0,0,0
AI2636,1,0,0,0,0,0
AI2637,1,0,0,0,0,0
AI2638,1,0,0,0,0,0
AI2639,1,0,0,0,0,0
AI2640,1,0,0,0,0,0
AI2641,1,0,0,0,0,0
AI2643,0,1,0,0,0,0
AI2644,0,1,0,0,0,0
AI2645,0,1,0,0,0,0
AI2646,0,1,0,0,0,0
AI2647,0,1,0,0,0,0
AI2648,0,1,0,0,0,0
AI2649,0,1,0,0,0,0
AI2650,0,1,0,0,0,0
AI2651,0,1,0,0,0,0
AI2652,0,1,0,0,0,0
AI2653,0,1,0,0,0,0
AI2654,0,1,0,0,0,0
AI2655,0,1,0,0,0,0
AI2660,0,0,1,0,0,0
AI2664,1,0,0,0,0,0
AI2665,1,0,0,0,0,0
AI2667,1,0,0,0,0,0
AI2669,1,0,0,0,0,0
AI2670,1,0,0,0,0,0
AI2671,1,0,0,0,0,0
AI2675,1,0,0,0,0,0
AI2676,1,0,0,0,0,0
AI2677,1,0,0,0,0,0
AI2678,1,0,0,0,0,0
AI2681,1,0,0,0,0,0
AI2682,1,0,0,0,0,0
AI2686,1,0,0,0,0,0
AI2687,1,0,0,0,0,0
AI2691,1,0,0,0,0,0
AI2693,1,0,0,0,0,0
AI2698,1,0,0,0,0,0
AI2700,0,1,0,0,0,0
AI2701,0,1,0,0,0,0
AI2702,0,0,1,0,0,0
AI2706,0,1,0,0,0,0
AI2707,0,1,0,0,0,0
AI2709,0,1,0,0,0,0
AI2713,0,1,0,0,0,0
AI2714,0,1,0,0,0,0
AI2717,0,1,0,0,0,0
AI2722,0,1,0,0,0,0
AI2723,0,1,0,0,0,0
AI2739,1,0,0,0,0,0
AI2740,1,0,0,0,0,0
AI2741,1,0,0,0,0,0
AI2742,1,0,0,0,0,0
AI2743,1,0,0,0,0,0
AI2745,1,0,0,0,0,0
AI2746,1,0,0,0,0,0
AI2748,1,0,0,0,0,0
AI2749,1,0,0,0,0,0
AI2750,1,0,0,0,0,0
AI2751,1,0,0,0,0,0
AI2752,0,0,0,0,0,0
AI2753,1,0,0,0,0,0
AI2754,1,0,0,0,0,0
AI2755,1,0,0,0,0,0
AI2756,1,0,0,0,0,0
AI2757,1,0,0,0,0,0
AI2761,1,0,0,0,0,0
AI2763,1,0,0,0,0,0
AI2764,1,0,0,0,0,0
AI2765,1,0,0,0,0,0
AI2766,1,0,0,0,0,0
AI2767,1,0,0,0,0,0
AI2768,1,0,0,0,0,0
AI2769,1,0,0,0,0,0
AI2770,1,0,0,0,0,0
AI2771,1,0,0,0,0,0
AI2773,1,0,0,0,0,0
AI2775,1,0,0,0,0,0
AI2776,1,0,0,0,0,0
AI2777,1,0,0,0,0,0
AI2778,1,0,0,0,0,0
AI2779,0,0,0,1,0,0
AI2780,1,0,0,0,0,0
AI2781,1,0,0,0,0,0
AI2782,1,0,0,0,0,0
AI2784,1,0,0,0,0,0
AI2785,1,0,0,0,0,0
AI2786,1,0,0,0,0,0
AI2787,1,0,0,0,0,0
AI2789,1,0,0,0,0,0
AI2790,1,0,0,0,0,0
AI2791,1,0,0,0,0,0
AI2792,1,0,0,0,0,0
AI2793,0,0,0,1,0,0
AI2794,1,0,0,0,0,0
AI2800,1,0,0,0,0,0
AI2801,1,0,0,0,0,0
AI2803,1,0,0,0,0,0
AI2805,0,1,0,0,0,0
AI2806,0,1,0,0,0,0
AI2807,0,1,0,0,0,0
AI2808,0,1,0,0,0,0
AI2809,0,1,0,0,0,0
AI2810,0,1,0,0,0,0
AI2811,0,1,0,0,0,0
AI2812,0,1,0,0,0,0
AI2813,0,1,0,0,0,0
AI2814,0,1,0,0,0,0
AI2815,0,1,0,0,0,0
AI2816,0,1,0,0,0,0
AI2817,0,1,0,0,0,0
AI2818,1,0,0,0,0,0
AI2819,1,0,0,0,0,0
AI2820,0,0,0,0,0,0
AI2822,1,0,0,0,0,0
AI2823,1,0,0,0,0,0
AI2824,1,0,0,0,0,0
AI2825,1,0,0,0,0,0
AI2829,1,0,0,0,0,0
AI2830,0,0,0,1,0,0
AI2835,0,1,0,0,0,0
AI2836,0,1,0,0,0,0
AI2837,0,1,0,0,0,0
AI2838,1,0,0,0,0,0
AI2840,1,0,0,0,0,0
AI2841,1,0,0,0,0,0
AI2842,1,0,0,0,0,0
AI2844,1,0,0,0,0,0
AI2846,1,0,0,0,0,0
AI2847,1,0,0,0,0,0
AI2848,0,0,1,0,0,0
AI2849,1,0,0,0,0,0
AI2850,1,0,0,0,0,0
AI2851,1,0,0,0,0,0
AI2854,1,0,0,0,0,0
AI2855,1,0,0,0,0,0
AI2856,1,0,0,0,0,0
AI2861,1,0,0,0,0,0
AI2862,1,0,0,0,0,0
AI2863,1,0,0,0,0,0
AI2867,0,0,1,0,0,0
AI2868,1,0,0,0,0,0
AI2870,1,0,0,0,0,0
AI2871,1,0,0,0,0,0
AI2873,1,0,0,0,0,0
AI2874,1,0,0,0,0,0
AI2875,1,0,0,0,0,0
AI2876,1,0,0,0,0,0
AI2877,1,0,0,0,0,0
AI2878,1,0,0,0,0,0
AI2879,1,0,0,0,0,0
AI2880,0,0,0,1,0,0
AI2882,1,0,0,0,0,0
AI2883,0,1,0,0,0,0
AI2885,0,0,1,0,0,0
AI2886,1,0,0,0,0,0
AI2888,1,0,0,0,0,0
AI2889,0,1,0,0,0,0
AI2891,1,0,0,0,0,0
AI2892,1,0,0,0,0,0
AI2893,1,0,0,0,0,0
AI2895,1,0,0,0,0,0
AI2896,1,0,0,0,0,0
AI2897,1,0,0,0,0,0
AI2898,0,0,0,1,0,0
AI2900,1,0,0,0,0,0
AI2901,0,1,0,0,0,0
AI2902,1,0,0,0,0,0
AI2903,0,0,0,0,0,0
AI2906,1,0,0,0,0,0
AI2907,1,0,0,0,0,0
AI2908,1,0,0,0,0,0
AI2909,0,0,1,0,0,0
AI2910,1,0,0,0,0,0
AI2911,1,0,0,0,0,0
AI2912,1,0,0,0,0,0
AI2914,1,0,0,0,0,0
AI2917,1,0,0,0,0,0
AI2919,1,0,0,0,0,0
AI2920,1,0,0,0,0,0
AI2921,1,0,0,0,0,0
AI2922,1,0,0,0,0,0
AI2923,1,0,0,0,0,0
AI2925,1,0,0,0,0,0
AI2926,1,0,0,0,0,0
AI2927,1,0,0,0,0,0
AI2929,1,0,0,0,0,0
AI2930,1,0,0,0,0,0
AI2931,1,0,0,0,0,0
AI2932,1,0,0,0,0,0
AI2934,0,0,0,1,0,0
AI2940,0,1,0,0,0,0
AI2942,1,0,0,0,0,0
AI2952,1,0,0,0,0,0
AI2953,1,0,0,0,0,0
AI2954,1,0,0,0,0,0
AI2957,1,0,0,0,0,0
AI2958,1,0,0,0,0,0
AI2960,1,0,0,0,0,0
AI2961,0,0,0,0,0,0
AI2962,1,0,0,0,0,0
AI2965,1,0,0,0,0,0
AI2966,1,0,0,0,0,0
AI2967,1,0,0,0,0,0
AI2968,1,0,0,0,0,0
AI2969,1,0,0,0,0,0
AI2970,1,0,0,0,0,0
AI2971,1,0,0,0,0,0
AI2973,1,0,0,0,0,0
AI2974,1,0,0,0,0,0
AI2975,1,0,0,0,0,0
AI2976,1,0,0,0,0,0
AI2977,1,0,0,0,0,0
AI2979,0,1,0,0,0,0
AI2980,0,1,0,0,0,0
AI2982,0,1,0,0,0,0
AI2985,0,1,0,0,0,0
AI2989,1,0,0,0,0,0
AI2993,1,0,0,0,0,0
AI2996,1,0,0,0,0,0
AI2998,1,0,0,0,0,0
AI3000,0,0,0,0,0,0
AI3001,1,0,0,0,0,0
AI3002,1,0,0,0,0,0
AI3003,1,0,0,0,0,0
AI3004,1,0,0,0,0,0
AI3006,1,0,0,0,0,0
AI3007,0,0,0,1,0,0
AI3008,1,0,0,1,0,0
AI3009,1,0,0,0,0,0
AI3011,1,0,0,0,0,0
AI3018,1,0,0,0,0,0
AI3021,1,0,0,0,0,0
AI3023,1,0,0,0,0,0
AI3024,1,0,0,0,0,0
AI3025,0,0,1,0,0,0
AI3027,1,0,0,0,0,0
AI3028,1,0,0,0,0,0
AI3030,1,0,0,0,0,0
AI3031,1,0,0,0,0,0
AI3034,1,0,0,0,0,0
AI3035,1,0,0,0,0,0
AI3036,1,0,0,0,0,0
AI3037,1,0,0,0,0,0
AI3039,1,0,0,0,0,0
AI3040,1,0,0,0,0,0
AI3041,1,0,0,0,0,0
AI3042,0,1,0,0,0,0
AI3043,0,1,0,0,0,0
AI3044,0,1,0,0,0,0
AI3046,0,1,0,0,0,0
AI3047,0,1,0,0,0,0
AI3048,0,1,0,0,0,0
AI3049,0,1,0,0,0,0
AI3051,0,1,0,0,0,0
AI3052,0,1,0,0,0,0
AI3053,0,1,0,0,0,0
AI3054,0,1,0,0,0,0
AI3055,0,1,0,0,0,0
AI3056,0,1,0,0,0,0
AI3060,0,1,0,0,0,0
AI3062,1,0,0,0,0,0
AI3063,1,0,0,0,0,0
AI3064,1,0,0,0,0,0
AI3065,1,0,0,0,0,0
AI3067,1,0,0,0,0,0
AI3069,1,0,0,0,0,0
AI3070,1,0,0,0,0,0
AI3071,1,0,0,0,0,0
AN2337,1,0,0,0,0,0
AN2338,0,1,0,0,0,0
AN2339,0,1,0,0,0,0
AN2341,1,0,0,0,0,0
AN2342,1,0,0,0,0,0
AN2343,1,0,0,0,0,0
AN2344,1,0,0,0,0,0
AN2345,1,0,0,0,0,0
AN2346,1,0,0,0,0,0
AN2347,0,0,0,0,0,0
AN2349,1,0,0,0,0,0
AN2350,1,0,0,0,0,0
AN2352,1,0,0,0,0,0
AN2354,0,0,0,0,0,0
AN2355,1,0,0,0,0,0
AN2356,1,0,0,0,0,0
AN2357,1,0,0,0,0,0
AN2358,1,0,0,0,0,0
AN2361,1,0,0,0,0,0
AN2362,1,0,0,0,0,0
